[LEFT_CAM_2K]
fx=1401.26
fy=1401.26
cx=1185.13
cy=593.471
k1=-0.172906
k2=0.0243875

[RIGHT_CAM_2K]
fx=1398.84
fy=1398.84
cx=1193.08
cy=595.604
k1=-0.17348
k2=0.0257604

[LEFT_CAM_FHD]
fx=1401.26
fy=1401.26
cx=1041.13
cy=512.471
k1=-0.172906
k2=0.0243875

[RIGHT_CAM_FHD]
fx=1398.84
fy=1398.84
cx=1049.08
cy=514.604
k1=-0.17348
k2=0.0257604

[LEFT_CAM_HD]
fx=700.629
fy=700.629
cx=679.064
cy=344.735
k1=-0.172906
k2=0.0243875

[RIGHT_CAM_HD]
fx=699.42
fy=699.42
cx=683.041
cy=345.802
k1=-0.17348
k2=0.0257604

[LEFT_CAM_VGA]
fx=350.315
fy=350.315
cx=355.032
cy=179.868
k1=-0.172906
k2=0.0243875

[RIGHT_CAM_VGA]
fx=349.71
fy=349.71
cx=357.02
cy=180.401
k1=-0.17348
k2=0.0257604

[STEREO]
Baseline=120
CV_2K=0.0204224
CV_FHD=0.0204224
CV_HD=0.0204224
CV_VGA=0.0204224
RX_2K=-0.0144389
RX_FHD=-0.0144389
RX_HD=-0.0144389
RX_VGA=-0.0144389
RZ_2K=-0.0000933587
RZ_FHD=-0.0000933587
RZ_HD=-0.0000933587
RZ_VGA=-0.0000933587



